283,1379
1221,1465
1770,585
536,1250
1896,1886
276,2288
574,2543
326,447
332,2246
188,283
390,1744
1239,1438
906,1713
857,1612
1122,962
1663,524
1207,1961
1256,2388
143,2764
1066,1360
1656,2337
1984,712
959,1494
276,302
1461,1257
1544,1472
1708,2125
1761,2814
954,2565
134,1806
1803,729
842,519
789,2275
862,1182
1142,243
309,1898
1115,708
1894,1854
404,1701
442,1244
1345,2080
399,2792
1322,2119
1038,1984
902,2764
1978,485
1459,2148
1634,2362
441,1793
695,1650
1871,1835
1396,1066
1967,935
238,2734
1107,1311
617,1976
1596,2635
990,2988
296,327
794,2077
188,1886
1014,2951
1614,2140
135,637
117,2439
256,2834
1468,2364
725,1564
1347,2174
796,1052
1961,587
1168,1606
1739,679
1376,2061
1910,2430
118,232
1802,447
1449,795
208,2363
1255,2688
1518,1902
1274,1207
999,2549
1119,964
1026,2193
690,2826
1892,980
1904,532
1336,698
1968,2478
208,1132
730,1919
1111,1628
487,1936
502,2878
764,371
1955,856
1838,660
829,1984
772,813
1167,1761
778,2785
1203,928
520,2346
542,521
1140,379
1694,1824
124,2495
813,1703
1678,2630
243,1860
1931,2562
837,1705
291,2891
1289,1830
1322,1342
658,360
748,2897
1404,1608
570,1746
710,1050
730,1370
1680,1067
1154,1661
1690,513
249,466
825,565
1115,2799
681,2250
1613,477
1060,989
470,1215
1174,2781
603,1315
1304,233
204,1408
1960,1146
1696,911
1646,261
1754,1512
342,2754
781,1374
170,361
456,1800
197,540
1980,2229
1735,2395
895,1250
720,1847
1589,1907
298,451
492,2713
1897,2847
1066,2039
142,2468
1299,2328
1132,2095
1252,2057
1377,1343
1156,1224
1839,205
570,2796
991,979
1113,1408
1248,2130
1965,2697
203,1477
1184,2093
1194,1500
558,2952
1774,1464
137,1545
166,545
830,2989
1598,987
848,618
1018,2244
1175,742
520,2962
1571,1956
1314,1866
945,290
1783,937
228,2798
835,2139
1748,1637
1647,1004
779,2859
352,1310
1154,2219
292,2405
472,479
1644,243
1903,1413
1611,663
210,1477
367,1981
1329,424
494,2618
839,1351
511,2038
1877,1599
1160,2476
178,1826
1566,1191
1377,792
1120,1129
1935,1941
1586,587
1441,2027
606,2504
1903,1891
1352,533
1696,1003
401,2559
154,2494
627,1083
1045,1326
1641,2070
1828,2544
516,1046
1222,1774
777,2913
370,2489
1419,2219
1315,2162
1783,2828
576,697
1584,912
1878,2673
609,2824
306,2379
575,2517
157,2103
1482,878
1461,215
502,2395
950,2521
957,2120
281,1093
1644,1196
1490,2899
1828,869
1046,1125
1421,849
850,605
1067,2075
1351,1504
205,1685
1577,2288
910,887
1310,288
1364,1491
734,547
319,2569
166,1955
1879,2229
215,1355
778,1522
1026,2275
178,232
879,2805
1294,2862
600,291
303,721
889,1885
951,2214
1559,527
1963,2476
1482,287
1672,2051
1190,872
1621,200
1040,2142
1445,1158
754,2057
877,382
811,2555
796,1986
189,2996
1354,1147
454,2170
1382,1723
148,2926
1121,1212
1627,1275
1022,506
123,625
766,311
1047,1852
1841,1453
1465,1355
1061,2524
1826,1818
905,253
1272,911
883,1975
1195,2775
1751,849
695,382
326,1851
1766,1584
832,2494
1863,646
340,290
1272,877
456,828
444,2247
657,975
444,1810
1231,715
1269,357
135,2541
1195,2677
210,1698
1890,1821
1413,2386
309,2697
1351,2794
569,2416
1303,1311
149,888
1935,2944
1381,647
970,1301
967,2622
515,1338
400,249
1285,966
1730,1301
205,1872
554,2123
350,2218
690,1432
103,1569
1288,448
1044,2773
729,1536
1256,289
1186,1268
1791,2650
1713,2187
1792,362
1372,1246
1362,1765
1878,2499
857,1361
934,926
392,2292
108,1893
1728,2660
741,863
881,730
720,1962
1120,1461
1336,1274
1468,2619
1828,961
1228,828
1779,1138
1343,1496
931,1530
761,2319
717,640
649,2230
1088,333
644,656
1252,209
1691,2035
1748,864
1137,244
882,1835
1845,235
308,679
900,321
121,2870
1402,264
1949,2412
1064,1711
498,1752
895,2772
561,2380
1827,1964
296,2702
1600,1825
576,1818
669,712
139,1313
538,2632
1969,517
608,2257
1569,454
1119,2949
1411,2460
1071,2893
1086,2964
566,2477
1317,1436
1203,2460
608,1098
963,2339
1133,944
759,765
594,1471
599,437
745,2132
1975,1388
1909,960
447,1915
1859,2574
1375,2774
547,2676
617,895
1075,602
1748,1540
594,730
1688,2299
1503,2945
1993,2002
1167,1606
1947,979
1669,2977
697,2755
957,788
1130,1423
612,1551
1952,412
1834,2929
551,755
983,212
376,992
467,338
141,1275
1003,2262
1768,559
475,749
1667,914
494,951
521,2395
1408,1133
1277,1800
1188,2483
387,2255
1086,969
1083,2469
953,926
1553,1116
1032,1511
172,616
1274,2343
1815,887
1192,1619
337,743
994,1856
837,2846
1292,1369
1131,613
775,2085
1206,1601
266,385
258,1807
586,217
218,1817
772,2927
1639,1547
564,1532
1535,2927
1645,666
243,2075
1108,1852
1140,278
198,2962
1981,2059
1176,500
1524,1199
1655,1533
173,1165
620,2954
1808,387
1873,963
1277,322
983,2669
103,617
1854,1333
830,1248
1784,2591
930,1748
1278,1313
1304,1593
389,2073
1765,2743
1984,599
1624,1312
1878,1517
1498,2434
1648,254
1752,1898
622,2068
594,864
1209,2922
634,2788
1612,1339
218,515
1525,296
1863,2455
1380,1153
1353,1917
1185,1878
1748,2965
490,2715
289,419
650,1579
1519,2665
397,214
1074,319
438,545
1717,2339
1057,1122
842,2503
687,2618
1309,1346
146,1714
1584,2491
119,2749
1631,350
1451,337
1051,2144
1321,640
901,556
1027,663
860,2852
508,915
1578,321
1321,637
1197,1441
545,1724
1144,724
135,2920
166,1982
875,1431
1507,2686
1096,1348
644,1092
698,2877
578,2799
920,551
861,2557
1471,2333
1101,2983
345,2418
1989,1872
929,725
1078,1257
723,1962
1522,2065
797,2826
1054,1884
1634,1713
1760,2887
162,2354
524,2761
1532,419
733,1416
917,1995
559,1848
850,1871
831,1966
1584,278
945,1349
1191,1041
1372,379
1534,2847
443,1995
967,687
470,2633
554,1059
1853,681
1534,1881
1961,2623
295,2940
1106,959
331,2479
823,1122
531,1864
1308,2847
1658,1341
482,1245
1710,222
1437,1726
1700,920
492,798
1926,1678
850,1958
1729,424
688,2509
1673,1381
1678,1442
916,651
167,1609
1706,842
1640,2759
1420,843
1351,2217
219,2659
1724,2738
992,1622
1459,573
419,740
607,407
1110,1342
1630,770
849,1422
358,384
529,539
548,1427
445,2291
302,2376
866,2481
1318,2442
1945,640
651,825
254,1064
1145,1581
1376,948
883,2919
1906,495
895,1297
1957,1859
948,1891
223,2621
203,1420
1697,2844
988,1610
450,1654
283,645
324,571
1768,2893
353,2117
1088,231
1996,868
385,1924
356,1472
421,2985
898,2997
622,920
963,218
411,1216
1332,579
916,2163
670,2334
417,2806
1422,2414
1564,1465
1313,2111
950,2445
1718,1922
1735,730
1695,2138
773,561
384,2162
865,818
1911,378
1851,2416
226,434
1920,2901
1478,913
1589,1466
981,2703
1210,1236
1929,1579
1932,634
1490,1875
1623,253
1000,2190
265,2002
406,2864
1547,2681
1644,1275
1791,754
1002,3000
1865,1175
1784,745
1772,1797
413,2986
1187,1015
1862,2373
328,624
1076,1892
1503,2788
727,2359
239,1819
246,1153
546,2332
1692,2676
1343,2817
1975,429
1081,2811
1271,276
1110,2435
1530,2627
655,497
997,1348
252,1691
1708,2537
1110,1857
540,1513
1766,1193
1293,2633
1746,2719
796,697
1542,2114
1289,1363
1988,2044
1865,1437
510,228
706,2568
992,2198
113,1271
1365,1293
418,1958
1929,484
109,1310
1427,2072
121,2382
1610,1304
419,2282
339,2600
1735,2046
1363,660
1236,2865
1031,423
1631,941
580,2426
656,1999
1686,1262
1272,2554
699,2832
1960,1586
1096,1944
1893,2119
467,2257
1769,2419
1265,1679
1426,2443
1688,1274
1933,1291
426,2302
104,1528
1634,2338
1798,1259
1959,765
128,215
1130,1294
1920,1717
1451,1775
1161,478
419,1769
1640,1175
308,351
1248,422
1502,2282
1439,2788
1049,1429
1818,760
1386,2256
1029,1297
503,2877
1053,2309
670,2668
1125,2320
282,1364
499,679
161,1340
572,2324
399,1309
1147,1873
862,2559
1038,2925
1676,577
1761,1068
1805,1457
1626,1262
887,902
623,561
1406,2582
1015,2758
1140,2065
1918,2005
724,208
163,888
1465,1098
1677,1696
371,2160
246,1654
648,1261
1308,1817
843,2858
1414,724
1014,1262
1389,1348
353,1020
1797,2021
1128,2435
1484,2586
1461,1476
1673,2337
1065,413
1845,1909
644,2509
1442,2918
1354,265
541,2855
1086,1457
189,1890
1745,1317
1907,2604
1644,1426
965,2545
1011,1852
908,2996
1826,2754
1316,2339
369,752
795,2001
472,569
860,2771
1951,446
491,1650
1390,2036
983,449
557,1662
1517,1275
577,1620
1771,2136
1918,1320
376,2257
1687,2002
834,2620
1882,2295
992,2462
1233,1279
1409,1728
724,1268
1951,468
963,2820
707,1018
846,3000
801,1201
645,1005
1983,2273
1513,2825
1069,1462
806,2783
1439,2092
1958,2082
628,934
336,1275
365,1080
890,1018
1257,2169
1170,308
1645,915
912,1203
1943,1633
260,947
1191,573
628,1985
1712,2789
1013,2937
364,2992
1436,2850
1570,1714
563,903
393,455
262,309
1173,1569
1794,2230
1450,372
857,506
1461,2139
1000,1102
1294,1756
1371,1565
235,1875
1720,768
964,2624
1772,491
1113,2180
1274,1755
648,2520
1985,2194
629,1534
1759,869
245,1553
365,509
1907,2786
642,2801
680,1307
1594,367
314,1576
331,2933
1617,851
183,1430
1849,353
423,1287
1599,2384
118,468
650,771
508,2587
1151,1583
1315,1332
1896,2941
1714,2278
303,2450
576,808
835,810
1024,2883
1851,1908
1387,2707
992,1154
1466,2976
397,1621
1676,550
1893,1065
389,2808
1874,1307
149,2194
1781,1140
1658,834
775,1671
1782,273
1168,2930
188,2522
758,968
1450,1627
1801,1721
1334,1367
1040,257
1766,753
1717,280
798,2102
479,1856
1544,260
1342,1784
277,836
217,1160
990,2508
982,1378
633,1966
387,1925
1299,1950
1981,1053
555,2990
363,662
820,1043
1028,1577
1928,1813
1268,245
960,2120
204,1490
1461,2429
931,2695
1402,1758
1682,2891
520,847
1207,1044
1624,2080
1844,380
569,1655
1436,1357
561,1699
531,1770
1552,201
718,908
1597,1488
1680,2253
670,1419
1483,2106
467,1927
333,991
706,2737
1067,2094
264,1258
1048,2003
1681,2019
1525,2725
1595,1527
683,1059
276,2576
179,1519
349,1458
1114,1182
780,1408
184,1043
777,303
1733,2436
1448,1820
844,2616
1351,2337
1026,1021
246,2250
713,743
707,2098
1608,2081
996,300
703,343
392,792
293,1635
1210,471
1839,2294
423,1910
1637,2449
1129,1337
492,840
667,1147
1683,2804
491,950
535,315
1163,355
290,1621
205,2442
852,1465
233,2228
1419,2369
370,2536
1075,1967
1422,2439
1316,2721
625,1873
1446,2215
367,1944
1635,1100
178,1693
758,1924
1995,2951
323,1667
1647,1056
807,1670
864,2920
1609,1055
1235,2838
1820,2923
163,2479
210,2680
1747,2701
1533,2761
798,997
1132,1567
362,2439
155,2845
618,2202
102,700
187,1935
1594,916
1163,1983
670,2367
1050,338
491,2845
323,2358
192,2999
767,901
1006,882
1541,291
1968,343
1467,2875
1121,1568
409,2537
862,2957
538,685
1363,2476
407,2821
415,270
911,1699
1987,2993
1725,1663
1574,904
1269,2687
1695,534
1235,2312
677,1167
1202,2268
368,2893
385,1539
576,327
1023,2103
1093,311
199,609
1313,1907
1626,2374
580,2019
1313,1785
1279,1245
1873,1414
1907,2909
1530,2186
1377,448
453,358
278,2958
665,1463
666,2196
1228,2759
634,856
1417,2675
1461,2418
1684,1343
292,1054
1481,1232
432,961
277,1369
1254,274
985,2493
1096,2639
498,2798
137,1352
1344,1879
820,2077
673,1225
1339,1861
1755,1036
1472,1234
133,947
1169,555
1992,945
1950,765
127,578
1418,1522
1729,445
139,2885
1807,2847
169,893
697,519
1535,2568
521,1104
285,988
242,2787
421,2433
1732,2758
763,1045
1097,1111
857,2017
377,1797
256,294
1808,2398
189,219
1631,2253
866,2200
316,2063
1032,1356
1362,2547
546,402
1255,751
1488,2501
1927,1997
1710,661
1312,1440
1299,2093
1269,290
1373,2182
1830,2428
944,609
1925,2434
1723,2433
538,2934
828,2570
1614,2596
505,2606
1034,1551
1490,2712
900,394
840,1509
1877,1839
1225,1953
1991,660
1698,688
1872,476
324,583
479,2748
855,1411
475,982
1814,1838
336,1014
1744,2510
489,1368
899,804
1720,1316
1768,1086
1642,2684
636,2301
1086,1261
1427,481
1128,2871
284,2740
557,2791
591,1055
1921,421
458,2831
1151,1651
862,1680
354,2120
1190,2410
139,768
1270,2167
1428,1663
616,498
1539,695
304,2855
1197,1845
1574,771
428,2058
820,1375
1400,1861
1402,550
797,724
858,2351
883,1720
1760,2224
961,2851
775,2778
1525,2756
176,1585
1922,1989
1629,737
390,1578
340,476
1261,588
468,284
365,2751
892,2522
1733,1290
1124,1512
648,2646
300,1622
124,884
1163,2378
1106,2610
316,950
1784,301
1326,1397
318,2515
839,1015
1964,298
590,2659
1902,2213
1394,2688
1970,1928
1167,1776
1485,2274
1531,2541
1964,1234
1210,1780
1139,2066
493,1864
924,502
697,257
1421,1509
1790,451
1466,2132
828,2893
593,732
120,2633
1465,1532
110,694
1591,2828
1333,1853
1943,1203
1624,2461
1222,2955
1598,1061
1154,2723
1243,2064
1699,268
556,1808
890,1050
546,554
799,208
1655,2577
883,777
696,1286
930,497
1260,1134
636,2099
1670,301
841,1582
622,1783
1536,1100
1963,1053
1835,335
149,2667
914,1591
447,1323
1197,2702
299,2965
1773,731
1811,2476
1918,1006
771,1509
1745,205
184,2363
1142,856
1223,2137
1805,729
1470,1223
1702,2011
1384,402
1592,1631
501,2620
546,1198
521,1783
1306,2393
1066,275
932,2950
1989,2489
310,982
1262,358
1298,782
489,2445
222,2313
1900,1870
1178,651
1413,2463
318,1555
1781,2363
1743,3000
548,1227
1997,2607
1640,924
1198,1649
1880,2599
1931,812
319,1053
736,475
1907,1301
1166,2981
1721,2929
467,2843
802,420
1037,384
696,1577
1761,1524
1330,990
387,811
1853,2304
1552,2005
584,1546
1636,899
819,1039
1986,2358
1789,2981
574,1176
175,432
1271,2003
1852,2822
568,2932
525,2021
249,2694
993,285
233,2742
1831,2049
1429,2036
336,924
309,998
1679,1433
1566,470
893,1328
1889,1520
119,2253
1439,1610
1509,728
584,1668
1981,1591
100,1287
977,2682
1639,1476
509,1873
1837,1044
1778,2189
805,756
145,728
1496,2400
1114,2843
750,999
1088,1303
1844,1944
1608,1805
172,2243
306,1482
965,1869
852,2250
1933,2218
1057,2588
616,2866
822,2754
1702,2376
831,2977
310,2636
1526,1245
1943,1115
1774,1155
961,1700
416,321
1785,1019
1025,2119
1814,2235
497,887
1221,472
1004,2887
1795,1985
558,2105
1725,449
490,1273
1667,1560
324,1082
1319,853
529,1177
1887,2130
381,2039
1485,1672
539,768
898,864
1617,863
824,838
1952,1871
1283,974
897,2483
1675,862
1636,767
881,2841
856,2039
1771,1276
1710,2207
1630,2803
1803,413
1895,1335
776,1061
365,1840
1023,517
471,2046
1323,718
1583,2055
1847,2431
1471,1575
943,2385
898,1900
449,733
1815,2988
794,2940
451,944
1764,2108
315,1963
839,1921
1470,815
1102,1999
1142,649
848,376
795,2105
671,1234
1901,207
777,2353
1123,620
289,1391
888,2673
407,1669
1769,838
1743,517
227,2108
260,1265
1279,2269
1449,1470
1357,2896
1873,1812
847,711
1910,1695
1788,2894
1745,2829
1311,1948
1160,2958
1748,2569
1146,1480
610,1328
1402,1536
199,2785
594,2629
434,2474
136,796
1998,1372
1605,1293
1601,2705
1188,2776
816,1891
1860,1215
901,1645
1527,1544
1308,619
849,304
1743,2011
1333,2440
546,1938
1522,888
729,740
1299,349
1230,275
1464,1147
509,2364
719,1132
1858,2337
1156,1258
145,1174
606,2088
815,1845
1342,2889
560,1267
114,308
253,433
846,220
866,2142
213,2680
700,429
645,452
245,511
1833,1041
541,339
246,612
263,1042
1528,1101
1066,2293
142,871
515,2223
656,2218
730,2254
1183,1537
359,2113
1214,2868
256,868
1782,1274
1269,1224
752,487
797,731
764,1714
983,2298
1353,2326
526,889
436,1780
302,437
853,2070
161,1987
1591,1788
622,1475
1272,1304
149,544
1461,1119
1283,2427
1170,933
1670,1168
234,1224
1328,419
1957,1584
1215,777
1390,2190
1068,2278
1809,1749
976,2124
221,541
147,1303
1893,1953
1488,2501
1622,436
835,1508
1444,2416
1215,2528
498,1620
459,931
1345,2681
1491,1257
171,883
1968,2739
1819,2590
481,1744
1050,370
1544,2892
1207,2855
783,1311
1732,2495
896,1704
928,886
1373,474
622,262
295,1625
1685,700
1979,1523
576,2379
1971,1003
1745,2739
1584,2218
1485,1917
1030,1597
1207,2300
479,2610
1010,2840
404,2658
976,1009
803,2442
503,540
1114,2057
863,2824
339,775
1976,814
1943,1703
620,2429
1597,559
1317,2647
718,2659
522,708
1552,2030
1659,973
830,2986
712,1209
875,2694
985,1261
634,2329
1631,2542
1647,735
1962,2275
467,1557
178,2487
1910,2305
1672,1713
844,2326
572,1749
514,1972
1689,2777
692,427
1186,2995
1592,1928
1414,1831
1231,1983
1193,857
1886,1942
549,1064
352,2566
167,1638
1987,1074
193,2826
354,2571
299,2135
1872,379
1538,1001
1144,597
1043,2236
1600,2574
546,1640
1710,330
561,2737
1646,2675
1239,872
247,1379
1846,1762
1061,781
448,677
1661,326
1340,1808
1061,563
1665,1480
769,224
1032,2410
1403,1091
463,2840
1261,1943
1354,2872
688,1492
1315,1652
1879,452
1531,2829
398,2219
1493,2263
452,2836
409,2522
1773,2737
1806,743
671,1063
541,1240
392,1939
1273,771
382,1308
1405,1295
1121,2347
379,1122
424,536
1420,431
1318,1406
1349,620
1635,1513
1080,1510
1203,2144
244,314
248,891
1247,2090
1206,1328
671,2511
1561,1244
1725,314
1043,2084
1145,2973
1676,871
1935,1524
1981,557
1114,533
1378,2753
1855,2336
1311,2846
942,2042
859,2020
905,1106
897,1831
993,2786
252,2049
348,575
1097,2437
570,2213
135,1972
1929,2457
365,1394
473,682
948,536
1228,312
455,1472
1805,1550
982,1262
1370,326
310,1229
1185,1436
1941,1923
971,2003
1869,2575
706,1711
1264,2714
1151,249
261,1819
1828,1456
723,1902
1276,2785
762,1894
1380,2014
1789,333
1395,2000
243,697
282,614
690,1186
1712,2012
1113,2765
1166,2642
927,407
720,1710
1331,1729
651,695
1210,270
1539,1767
669,843
955,1987
842,1292
182,757
310,1600
282,509
1293,299
806,1345
1172,1035
874,2585
718,2740
1955,524
1786,1240
1628,2310
858,1320
1651,2151
1778,1180
1995,1325
525,1479
190,1297
875,2385
263,2343
1924,508
274,1184
1337,309
1541,2793
692,2853
1794,2289
976,1242
467,2259
166,2067
492,1433
1171,1094
596,1827
595,1971
1220,1501
1313,211
579,870
978,768
1304,216
393,309
1162,1578
1169,1046
628,435
1054,1825
1839,985
403,2250
1740,2762
1653,2473
450,1051
1242,625
1122,534
1307,2922
573,1072
1609,614
1870,1059
1519,2616
1318,370
839,1005
949,1168
882,1055
1987,2310
1622,2517
1795,2072
882,1929
571,1990
139,1762
1591,2454
1089,1539
333,1066
322,1588
1390,483
778,2310
474,1482
1025,243
971,2557
1654,2264
1596,692
109,745
1498,2665
314,2251
1068,1009
1464,2159
1532,207
1191,1744
1191,2279
1356,614
515,2809
468,1583
1646,1711
1108,1634
1361,2253
1460,2398
1584,961
504,1817
1027,1082
1248,500
863,1322
346,918
1215,1937
741,2868
343,646
605,2345
1377,1759
971,2117
487,2302
1317,2287
1163,2078
867,248
1940,1207
1787,438
1721,2011
971,1179
648,2607
729,2057
676,1834
541,1491
1770,2652
623,2612
851,2039
1815,2813
1942,956
952,1535
1977,2507
1577,1504
1852,1363
1786,2736
1750,2632
708,2619
761,2257
1509,342
1713,2959
1193,589
511,2851
657,1207
1287,1176
1247,2469
1664,1326
1705,2338
974,1242
1099,2990
1973,1801
1018,2258
988,1105
1140,2735
1254,943
1793,2667
250,1331
907,1173
397,310
988,828
153,366
1284,1388
1121,2773
1390,2199
574,1158
364,1924
588,2981
1453,1836
755,2577
555,2193
338,2755
293,1783
558,1024
260,1978
1477,2745
140,2627
580,1292
159,2750
336,2419
1299,1367
1913,2728
1536,1205
1882,2124
893,1064
1755,1426
277,1802
544,1600
895,2207
1801,2062
379,2138
472,2984
264,215
233,1365
768,761
1585,319
1248,1112
1554,1809
1141,1532
359,2209
1063,1831
1348,2156
1814,1703
1802,1907
697,1003
686,2376
875,1315
617,2664
713,1270
777,1330
842,663
1843,2564
1641,714
1794,2498
198,1816
410,1802
484,1785
960,854
407,1448
716,1685
1420,1348
506,2299
224,858
750,2910
425,1906
1025,1208
1555,2937
926,1723
1448,2438
879,2198
1168,1763
1901,1560
1824,1238
725,1024
198,2159
1109,564
767,514
1009,1063
1624,2722
483,905
1631,2771
1704,1117
1853,501
660,1467
1785,497
1622,774
393,304
1476,549
252,658
569,1146
1747,2580
1725,388
1936,855
858,2227
757,2384
1144,1787
1676,499
1348,1095
1764,2103
471,294
1018,2890
1240,318
1980,1178
1789,2188
1887,772
1918,539
628,2811
869,2652
961,1204
155,2299
1657,1333
984,2308
645,907
782,2347
1115,2268
1359,293
1221,1522
641,2702
731,2610
1297,1393
474,1816
828,1356
180,1602
508,973
107,2985
1931,773
1217,325
471,2970
1439,2459
843,1382
1433,655
1183,1671
1758,2367
1493,861
157,874
1577,1090
183,2375
189,576
1366,937
1926,704
1575,254
1644,1887
446,2177
1132,1135
797,2253
201,1310
711,2617
1536,337
1458,1438
1398,1125
1372,2895
545,2473
1331,783
656,1023
1081,1039
158,2895
657,2669
502,2429
1339,1372
351,2226
1849,1413
1543,942
168,368
228,2631
1354,265
1083,1752
1696,2513
1314,383
1794,416
1142,2736
152,2221
1408,2567
1582,1416
1221,685
1123,1838
354,971
793,2082
1189,757
1149,2081
519,2029
560,1006
1577,623
263,815
197,236
174,1284
1610,474
1574,2783
1654,1386
902,2987
355,868
1283,1588
244,2747
1260,1321
180,679
265,2915
1016,1473
702,2184
840,1639
1188,1350
1202,1902
220,761
624,2586
944,2441
831,891
1016,387
1078,1226
1455,1825
319,571
1664,1249
257,625
1013,2718
725,2728
1639,1638
894,201
1255,2450
1468,236
1235,1840
380,1914
1824,2812
260,739
130,2216
1981,1369
814,1557
1475,1522
168,597
1700,770
287,1827
1743,1219
640,812
1165,493
1599,457
838,1116
366,312
1617,1886
175,2158
1772,680
892,1134
148,493
1919,260
1135,888
205,939
1666,820
1504,899
1601,2097
610,1012
940,746
1805,464
127,2810
407,715
1653,2318
359,2575
1835,260
1070,2940
259,584
1142,2378
454,1878
433,903
1098,830
1726,1566
337,529
1670,962
474,2510
1931,571
1434,589
1258,452
1488,950
150,1709
211,371
1434,2410
1683,1286
1709,1603
1839,2631
200,236
1431,1835
1709,1557
1113,581
931,2948
1931,1773
442,2791
853,1886
770,2605
1754,1136
218,2152
424,359
1491,387
880,997
1498,1197
904,285
1125,429
494,1239
324,2449
340,2762
648,994
177,1544
1061,1530
1465,1934
355,1882
1364,1680
1334,1257
640,440
1164,1186
1408,2632
283,2325
111,1460
928,2551
1236,2099
573,1788
950,549
748,302
751,1392
657,1431
520,1695
1331,1156
419,2248
969,1402
1766,267
319,771
220,2413
1970,2165
759,256
987,1880
231,1925
755,657
1778,2826
594,2975
657,1004
497,1749
1327,2751
1305,2113
834,524
1709,2539
1438,722
361,2897
1935,1537
720,1122
1934,633
1598,1117
359,2697
1816,1885
1210,2282
345,1023
732,1133
748,840
346,2999
1867,2283
1095,1748
456,876
1503,213
1044,2110
1091,1241
1540,2808
842,2219
630,402
837,2686
1495,1830
1894,2868
599,1908
1963,434
1372,1210
1084,2256
1206,1223
733,1105
1225,1834
284,2680
851,1296
978,530
1423,1733
1364,231
1250,2283
1939,1466
1612,330
442,2835
1401,400
1713,895
295,2348
1430,375
843,1315
200,253
1500,2942
1053,2874
1811,458
655,2119
1556,569
1280,443
443,1541
349,445
1798,558
128,1268
869,2672
1278,659
1645,1144
434,2055
1504,1542
1550,692
1148,1158
1979,2334
637,1820
745,1316
1736,1994
1760,214
423,2764
264,2655
1147,2199
1389,1824
1054,1437
176,1564
410,1301
1046,1912
676,2476
1403,875
590,872
886,583
574,526
1154,573
788,2263
1306,2449
980,2270
589,501
1149,2679
371,1788
1560,1046
827,1799
1349,766
909,2627
1464,2413
1919,2226
1840,1772
1577,1775
1513,828
1155,537
1184,2210
1943,2129
1862,2676
676,2412
379,498
272,2817
302,2936
1210,715
1696,896
508,1561
1591,1979
943,2029
1892,337
776,2939
1586,581
1089,2822
831,281
398,1432
858,2301
920,1640
1033,2117
746,1208
1947,411
784,780
1837,1499
1092,1393
561,436
1976,2124
1174,1707
552,1375
243,2152
1255,2502
680,734
1718,588
1995,1094
1869,861
1919,2432
1055,1896
971,2074
1286,454
950,2491
1159,2263
253,2045
587,1280
1228,2236
1637,2069
1399,1983
189,807
1670,2723
772,1852
854,811
1296,1184
1306,1383
793,2018
1959,2181
1564,389
1888,1390
1121,2183
1661,2438
882,2410
1621,2391
1630,1697
1367,791
487,2256
1857,1762
781,2498
1682,2242
769,1096
1466,1187
526,1473
1995,1641
180,2522
1867,2200
936,2882
1342,217
399,1448
737,673
1275,679
524,1709
323,1352
1305,2498
1141,2927
1469,1275
922,1997
428,1019
1761,2920
971,365
399,1927
1021,290
1695,1802
975,2428
710,2390
1606,653
1696,2228
1692,1185
1380,1807
1430,1020
858,664
549,2156
169,735
546,580
273,672
1744,1143
1116,1865
1097,482
1264,1337
1015,1222
543,1767
652,657
1779,918
430,281
539,1111
318,1845
1748,428
1987,2774
1330,2999
1760,2412
1509,1906
905,2649
1317,2992
1228,1156
1574,2235
1253,1832
1180,879
332,207
517,2279
410,903
325,2246
359,2704
1735,2845
387,1656
1502,957
1968,1757
163,353
536,2790
651,1038
480,2374
1504,2732
629,1047
396,978
816,1788
805,2072
1267,1585
1966,1429
1791,2489
1603,2958
716,3000
161,1964
1552,1810
555,1231
915,2698
127,500
1750,2080
1742,2703
1876,1062
911,415
1143,1161
510,1616
1986,2168
615,1658
1887,1485
1094,526
968,1426
1748,1729
833,547
1721,2689
1211,844
1290,2607
725,1039
370,1474
669,1644
102,1311
1877,1347
1436,1075
1216,368
1379,2701
1500,356
1114,661
873,953
1810,527
1613,515
1913,1971
1964,340
1412,1192
799,1628
200,2702
1623,1924
445,1522
766,2809
110,1350
816,559
1620,1310
1212,2506
462,579
451,1592
487,2020
1054,286
1251,2466
316,2630
1110,2529
246,2681
1596,1124
202,2798
1560,1888
1652,1528
1250,2986
1672,2613
322,2525
473,1292
543,1644
806,1652
1405,1708
1950,724
1516,549
379,2569
847,1259
350,1825
590,774
283,2245
500,290
500,2099
874,1046
647,1500
620,931
1550,1687
1390,695
259,2192
488,1826
1162,1209
485,855
1205,2425
1975,1965
1424,1180
1558,916
1370,817
420,1459
345,1415
1639,1399
198,913
1246,1162
1528,2974
970,1185
1373,1494
903,732
1073,2715
1511,1040
1266,345
1529,1961
404,524
299,2422
313,2727
629,2929
867,2896
993,243
320,2453
948,2672
1547,2926
1875,2295
873,324
932,1866
218,2028
553,1637
557,715
1312,520
1997,395
271,1150
231,210
450,509
938,995
1540,362
1106,1368
947,603
1671,468
1347,414
974,1929
486,1878
1344,1560
937,2292
1920,875
367,2238
111,1417
528,2694
619,919
1392,2968
1058,2418
1239,1388
825,1294
1912,1592
1829,2423
358,1008
1473,2642
1825,2470
586,1651
1244,1211
394,1136
722,887
322,265
1761,2431
905,1239
1898,378
192,1355
552,863
1656,1084
291,938
1371,1022
407,503
1974,1045
189,2178
405,412
348,2102
1383,1230
762,2493
291,1199
1042,1248
246,1496
860,2189
1283,2915
967,1054
813,2965
1345,2046
775,2929
529,333
145,2155
987,1465
768,1512
1479,2749
1422,662
1448,1978
1826,957
403,334
712,2873
1856,1864
331,772
327,700
265,911
209,2182
1161,2160
985,1850
804,1322
1463,1712
1587,633
1071,2727
1170,489
160,1240
823,1009
1487,2004
837,353
194,1619
895,2678
982,2407
1495,760
517,608
185,736
1259,353
1853,355
1781,1331
1563,1028
468,1243
1899,1395
162,2559
194,2660
405,1240
448,1626
1533,2574
1070,954
320,2508
1105,2113
657,888
535,223
1611,2073
723,1470
737,1623
1093,2586
1635,1493
253,694
328,1979
348,586
1639,1814
1712,1082
1473,2657
690,478
1860,2559
371,357
275,775
128,1773
1681,738
1869,1403
354,2597
1386,2604
398,1636
401,1334
358,501
1687,1336
714,968
1588,303
205,694
1269,714
1860,1152
1566,2807
1956,212
1070,1423
1688,2362
983,1760
1828,969
344,1119
653,1963
807,510
1317,2874
712,2013
195,2365
1465,2655
1710,1427
696,333
169,1180
1935,710
1590,1117
1025,2225
327,1044
764,2507
1367,2211
483,1684
880,2830
280,928
308,2060
766,2883
1623,271
289,1073
1068,2482
1189,378
1584,706
1695,515
545,2774
312,443
520,435
155,550
460,1876
1559,2288
1364,456
1474,367
1494,1016
1592,1994
1278,2733
1344,642
574,326
1283,1150
835,280
947,985
140,2880
411,384
1946,1011
215,2805
986,2289
1399,909
263,1889
1389,796
1839,341
1876,2779
973,1404
1741,1325
1771,2286
1581,439
1530,2611
570,1840
1532,2231
1832,1504
1545,678
1973,2961
340,2034
1508,1223
1506,2251
733,2751
818,1899
1572,2681
1641,494
325,1912
255,752
629,2180
244,754
1142,1478
1900,1536
887,475
708,1415
944,2091
1409,1403
1748,2839
375,1599
1840,2280
1697,1493
313,1893
1963,2230
1602,969
404,1451
1635,720
576,1177
1205,2808
464,1748
481,658
1181,638
434,299
1140,1030
408,925
1853,1344
1107,1070
583,1531
1626,330
1083,2133
353,2511
1865,2830
1813,1693
598,2547
984,617
288,1816
390,299
588,2599
1903,2945
1404,428
1240,1342
1824,670
800,1810
945,2545
404,1299
727,2647
1890,1382
1067,2391
473,2486
824,2732
310,1840
1179,2433
180,2610
798,941
420,2129
1832,1733
1784,953
113,2100
1229,1775
1885,2409
1465,2441
996,2645
575,1591
309,2066
297,2374
598,1297
219,2937
607,1836
879,2525
1644,1064
124,1651
868,2849
1302,241
614,2832
763,2907
1254,2050
1470,2599
1570,725
847,1936
865,1446
1149,2942
1753,1938
1727,2461
1380,2873
1541,2053
1666,1510
581,2834
1917,805
1577,1472
1734,2254
1909,1837
553,2860
1852,1382
1234,1512
148,1445
1364,1072
543,734
119,2689
1774,1452
254,2088
1045,2994
750,1825
644,203
1081,1503
1467,2465
733,437
867,1711
1299,2887
462,1246
1899,1804
911,2965
663,325
1953,1763
829,2573
627,2584
1373,850
1505,685
881,1463
845,1523
301,1597
617,1414
467,1611
658,2092
1293,2907
1568,2545
1720,858
1767,291
222,288
927,2279
1496,2825
874,1535
1449,2041
317,1719
1671,2274
678,2977
1380,633
801,2490
188,2184
1535,2571
1411,1409
1767,674
1220,2618
1950,685
151,2298
356,1582
1041,2346
290,757
432,1621
674,664
667,1816
317,2921
1950,2607
1957,770
176,1255
1659,272
436,2396
1732,1788
1942,737
1806,1821
1444,2810
1364,1759
1836,2693
396,873
1762,1531
986,1523
226,2274
168,2637
1617,2906
371,1798
1863,1682
1667,326
247,535
393,2434
1527,2918
344,1094
1803,664
941,2905
535,1327
1641,2352
1272,1546
278,1571
1229,2842
630,1418
1711,1779
801,2765
1140,1676
993,2679
974,2106
681,1214
1126,746
899,1517
1417,930
625,1009
594,856
1727,1403
1809,750
352,2695
1411,373
1998,309
115,991
1904,2817
1286,828
224,1042
781,948
515,640
658,459
1827,2296
1745,788
1105,2278
1307,2460
303,2623
968,1676
1735,1515
156,1862
745,2184
520,2313
1839,1187
626,244
815,2264
1736,2170
816,454
1985,2546
1779,1063
1859,1395
1359,2397
989,1369
806,1941
1383,1024
1858,2482
1368,2338
214,2518
208,1592
960,1773
1182,1790
453,848
1818,941
1878,684
1207,448
1633,706
1243,1252
1586,2275
1040,1189
974,314
342,2190
880,313
1658,2700
455,219
750,2575
264,334
528,1576
1883,2758
608,2236
1189,506
1819,2834
1232,2839
619,654
1955,2485
374,2192
1553,2990
1070,2381
1313,520
348,2286
1314,1805
584,1366
1031,598
1349,1488
879,2307
773,2142
1727,2435
229,2822
1611,1226
1426,2583
276,653
1514,1538
1455,2538
1001,2075
964,1547
598,2611
1077,445
1591,1360
822,2762
1016,1056
704,2263
941,1139
1295,1057
1528,2772
427,1300
1627,2743
208,1383
1548,2447
1872,2388
1527,927
1869,691
1635,2487
1327,1585
256,2910
547,649
777,277
1806,1678
902,2640
1492,2265
1092,2198
344,1627
1938,1965
1548,2595
435,1290
828,219
1014,1947
1583,1144
1939,306
137,1440
1958,1405
594,1390
1705,1095
987,748
1940,1355
1887,2651
1639,983
729,2758
349,812
588,2361
1629,2134
157,2186
964,2691
1362,2321
114,1705
1224,452
300,545
1915,2069
783,246
131,2056
1759,2492
1386,1676
1389,685
1167,1453
688,606
1369,2285
103,1423
1224,873
762,363
1558,2921
972,645
1208,2793
1435,2463
1332,430
1773,475
1367,1599
1755,1590
1384,2973
1624,2219
1020,699
1830,1031
832,630
1982,1919
210,1918
230,220
710,311
1770,1246
336,1879
1380,1573
316,2209
503,1364
187,737
862,1246
117,1765
1996,801
543,1448
221,1373
188,519
1908,2038
1494,1525
1067,2014
673,2439
685,2697
693,1161
1499,2776
683,2982
174,1201
1764,2405
1422,1860
769,2919
1696,1666
719,1816
1799,2622
1726,2127
1310,1486
694,1570
871,991
318,1862
684,1523
1177,2402
1442,769
726,1440
1654,2563
232,1731
1035,1135
807,206
1619,2168
1183,1148
1633,2591
1995,2569
1332,1034
1468,370
1492,2197
1584,2709
1297,697
454,204
1137,930
306,2782
710,463
1261,2421
981,2271
1166,1652
1426,630
1242,1650
1772,936
1692,1401
1997,1069
1787,544
211,2529
323,1754
1028,459
187,586
1205,1165
519,2255
471,936
1032,1022
1506,1117
507,2554
279,1516
1983,1129
793,2059
1055,2042
1660,553
346,543
1581,1899
955,2545
441,2548
339,2436
442,2214
1296,1613
1318,1866
196,2354
1617,243
1598,971
850,1222
275,1833
1289,1337
692,837
264,2993
1883,2723
670,240
629,1679
561,1815
183,2279
1520,335
207,2707
1512,203
1309,1454
525,2203
1907,2304
1717,1542
1379,2594
1280,554
1363,2224
1114,1318
1460,1986
1557,773
689,427
269,937
1156,2863
1660,2304
470,2252
1643,1819
229,2024
1840,1551
1951,1883
1998,2990
1075,2445
963,235
608,2567
1371,486
982,778
1006,2120
1561,1416
1672,1860
110,2839
400,1934
1280,2870
1696,924
167,383
470,2916
667,505
124,1545
1682,1507
307,1917
1431,1221
466,1968
1646,1008
313,909
392,1315
528,2211
1493,1792
185,537
214,1289
856,286
1869,233
1209,2008
828,1576
1550,669
1441,1853
252,1088
749,308
1147,303
202,2436
1529,1284
1622,772
1488,293
1552,1502
1694,1821
479,683
104,2191
820,1396
1769,2632
918,534
1129,2706
1134,2873
1629,2144
434,1702
962,929
1647,1483
980,555
1362,1548
1870,2678
800,2946
1424,2116
1248,617
109,1197
1197,2042
1597,2909
1532,776
208,1635
799,2309
704,1468
1502,2431
1989,1244
1831,883
630,1102
1442,1729
1814,1231
881,2966
487,317
1187,1029
989,1620
998,2406
679,2822
1734,2451
1507,2148
1835,2436
1514,916
1542,967
1333,1441
1343,804
960,2308
351,325
269,1159
1766,2939
1096,818
1542,2585
215,1448
654,872
1056,2667
701,228
803,1703
724,819
369,2661
1957,871
1450,1381
763,1658
1651,2834
228,827
1973,1409
1507,311
869,1498
534,1267
845,1646
1905,2879
1692,1831
1934,656
537,1762
1563,2084
1366,1202
1793,508
925,664
887,2037
477,874
495,2397
1435,2100
1706,380
1105,2459
1129,555
1819,462
453,942
741,2367
960,1366
581,315
1921,913
553,1292
1837,983
1482,2314
1702,1787
1709,1267
625,1492
1562,1217
1322,2397
421,1469
1216,2216
1124,1044
816,2702
1850,1043
1152,2002
1341,2798
1849,1648
1227,1170
598,379
763,2973
1105,2818
1252,1161
1742,1231
107,795
1372,1263
162,2961
1278,2079
1417,350
1404,390
645,2220
1227,2711
1404,247
1545,1899
1086,1425
805,850
1499,1827
274,452
316,2340
138,1263
1634,2177
1747,2366
1726,2420
1319,358
1069,2560
1739,731
246,2057
1598,1208
723,355
1064,2965
1876,298
1233,454
1346,1986
526,2088
874,1638
909,1355
1928,1615
1943,321
1922,1376
187,1146
949,2074
1018,260
1450,2486
1337,1679
1428,2965
1459,1858
442,2608
670,1504
970,1951
441,1654
718,344
823,2744
900,204
1553,2647
1211,1712
699,233
169,1697
539,1748
1186,2230
1363,1514
1998,2566
1044,2452
248,2006
1753,1111
996,898
1542,678
1394,2088
904,2968
327,1280
482,2183
1651,789
1015,2817
1606,1772
1848,964
1971,206
1653,322
420,2973
1770,649
1732,1284
1977,714
1001,509
862,1378
474,1455
503,259
588,1897
1991,1436
986,1300
957,2941
1959,2501
1964,367
1182,1911
768,852
1836,714
420,388
1448,761
982,831
1801,2400
500,1774
1413,1684
1369,699
1782,2970
1899,2620
1061,1294
828,2002
1039,2139
1611,1683
456,1108
1119,992
703,1717
1626,726
1157,637
495,1884
1828,2142
337,276
1451,2572
1636,2817
107,1837
929,240
1483,1653
1298,2157
1564,2412
633,488
388,2895
1473,2536
1101,1165
1036,2656
274,392
1058,2799
569,2871
1340,1092
1488,2847
230,2252
289,2816
167,2562
278,519
1045,785
1273,1779
189,409
1160,206
1345,1545
1504,2358
580,2030
869,292
633,949
1647,994
922,2812
1592,686
1967,318
1812,438
1649,2777
1848,416
684,2609
846,2480
1891,1059
1720,2656
614,1178
1373,574
1096,264
126,2140
1177,1539
658,1745
1853,2370
655,827
1473,313
1426,2486
228,1662
1452,1564
1597,1728
1776,2615
1710,2463
1802,1417
556,494
469,1444
413,1086
1095,2622
1730,2501
1020,652
1033,2374
923,1181
637,2836
1785,242
579,2954
873,1649
1811,2296
1557,1256
1738,696
1588,1027
1187,1004
1072,773
1922,512
215,2962
781,2702
1705,2377
477,289
204,2676
989,564
1809,2076
1582,632
1598,821
1714,967
730,1477
1659,1621
176,2069
640,2465
1610,2237
569,1395
1613,1967
1745,1900
671,2978
707,1775
1520,354
1825,1185
1255,628
160,1035
917,1519
1745,629
1193,638
1393,2030
1757,1066
197,2341
1971,2999
642,2927
1501,2247
169,1035
1888,2699
828,1346
1107,2424
761,2313
1962,672
1604,2326
311,1899
1577,2077
980,1943
539,1487
339,2777
180,1444
1820,1942
759,2312
1192,2125
890,799
1460,1313
286,469
895,2180
203,782
1918,1283
615,1579
690,1907
1968,1909
1795,2547
232,2755
1007,662
1381,1599
253,392
573,321
881,1375
999,1974
1227,2544
608,1982
664,1320
1930,2942
807,2183
1110,2869
1493,633
1566,762
458,684
1798,2345
1857,2045
1715,2110
1366,2623
200,355
721,2742
235,2722
1857,236
187,649
1682,2602
1006,772
342,1344
391,445
1171,838
457,624
1261,2201
987,1131
1742,2981
1053,2568
965,2451
1297,1164
955,2558
321,369
362,1487
337,2316
1838,2644
1966,383
1659,936
1593,2948
1502,1568
502,1032
1709,1552
966,880
980,1934
1143,623
970,924
560,1426
338,1893
970,2009
1817,1271
408,1955
1199,1916
1970,2951
223,1657
903,1963
1103,1241
1150,2006
576,1169
1073,1385
491,1847
991,1323
1361,2703
1783,2360
367,2815
1113,1514
1538,2907
1069,2199
1245,1508
1341,2402
1063,1847
1643,2098
1080,2502
546,2928
1399,1961
409,2594
1221,1544
1494,2179
1573,569
877,1233
774,1427
634,2637
1543,2927
1719,2838
332,2503
440,1294
1710,1940
1997,1974
1026,2097
1384,510
858,1193
268,2232
1161,792
1906,2923
1103,986
284,1647
488,2889
1294,2453
543,281
933,1217
1472,2061
412,2988
839,2455
778,2716
527,567
612,421
1396,1910
608,1143
931,1149
790,1819
775,2315
767,733
1559,1016
1041,1916
815,699
909,2825
283,835
1662,782
1863,2122
425,1373
767,484
518,2351
748,1726
1383,2454
499,2639
1739,2835
476,1856
1550,1210
451,2311
903,630
1955,365
1835,2958
832,858
548,1248
669,1521
1291,935
1384,1275
145,1639
1594,1787
822,2103
1741,627
816,2814
1130,2789
431,398
1913,1504
1309,1675
1412,2215
1953,711
1465,2869
1972,1163
694,1406
1150,644
1037,1688
123,1400
113,228
1421,258
686,2466
1505,1729
1956,2828
1553,1331
1951,793
1035,526
864,2419
1783,2828
726,2246
1676,635
1337,341
562,1866
1448,1598
444,2969
514,1154
1814,2351
121,663
729,263
1064,444
122,1571
416,1591
733,2683
321,1398
352,1974
1778,1641
1251,1567
473,2280
627,2673
982,436
288,2286
1582,674
1876,2123
1256,1508
1152,2605
666,1091
1232,1230
754,2093
568,1886
1060,2826
1971,2272
1311,1719
453,1109
953,2161
1010,2837
1419,1172
1737,731
473,1288
412,2456
422,595
653,1239
1782,846
1877,1530
184,1501
1460,557
1683,1322
734,980
1699,1143
1691,1626
918,1090
850,2028
645,1456
889,840
1610,1981
1264,2632
1320,2949
1220,1248
790,2434
1700,1581
1565,1530
282,890
1228,1634
1655,1099
670,2487
1060,1812
1126,1026
1606,2006
1158,1096
293,909
492,928
1867,2973
862,2830
1240,1418
1783,1833
1891,2679
1199,1102
1530,2553
1722,665
475,2771
1698,705
559,877
1788,1434
1169,2517
325,1022
388,2962
696,2511
253,2874
1297,2492
373,2395
552,254
961,1554
868,1852
1003,1827
919,759
1069,2338
911,1582
320,1627
979,832
1982,2620
1589,370
1546,1038
752,2683
523,1577
218,2006
1833,380
1402,1735
1294,1857
626,2700
489,2257
263,1215
391,2393
1023,2452
1428,1023
870,2593
934,969
548,1915
481,1014
448,473
1220,2675
351,566
1558,624
1285,805
1400,706
588,2410
291,425
1621,943
1830,1868
280,2976
1808,1478
1483,1655
1805,1318
1609,317
554,701
1080,814
340,2086
760,679
209,842
796,1310
1658,460
1625,2262
1363,327
672,1188
1510,760
1869,1908
1271,2788
1523,2974
1545,533
1066,2064
1371,2814
566,1603
1916,1415
1043,1450
1611,257
1801,818
1730,290
1487,1890
292,1919
681,2262
269,2255
517,2332
748,2140
1740,2680
226,2606
158,1380
1108,2937
1945,343
1540,1427
579,372
1958,1506
1052,2997
109,1481
1319,1723
1418,2249
295,1279
1128,2833
1969,1879
1981,913
1939,225
727,2785
1760,212
1932,2876
1830,2146
1202,842
421,891
1824,1997
902,2571
1227,849
1973,2579
1270,1213
1557,1984
452,1278
1953,1251
603,339
1511,2541
1484,1685
1772,402
1088,860
1731,830
627,857
1676,2974
550,2144
1893,999
1613,1232
325,923
1127,2666
622,1395
696,2358
1499,2835
619,2790
1529,304
1187,1215
1783,1918
1800,668
1561,1756
910,2452
1914,1310
1258,2546
441,1981
1806,447
1838,2098
1827,387
1854,977
1869,2665
1232,1985
1691,264
358,1261
1425,519
360,313
802,2600
1870,2234
765,1500
338,1097
1650,1539
672,2189
1741,1114
1728,1793
1003,2191
1495,2508
845,2688
607,317
1250,471
1415,1178
1414,1843
1038,2935
1775,592
1579,1240
1171,1943
346,530
355,1477
1612,1994
473,1374
1424,730
446,2485
1637,1709
1124,2358
1094,1986
1752,2098
254,2705
201,2822
1408,278
427,1155
876,675
1897,266
213,1466
1173,1473
995,2433
902,1846
364,2890
1411,2439
1718,1459
430,377
1281,1929
1378,2473
729,2918
871,2231
1163,2542
1201,2980
1801,2155
1519,2931
1849,1699
746,1070
613,991
1218,632
1787,682
1029,1967
249,408
1837,398
1882,955
117,730
1896,1536
346,1343
429,1208
812,624
1839,2703
1688,1058
344,2562
609,960
1187,2258
368,1141
603,1668
178,2233
330,1132
1763,2035
1855,600
647,1528
1048,1125
155,2300
1094,2699
465,2884
1293,1467
1281,502
1878,520
864,1970
1523,2056
1728,2366
844,398
1382,509
446,209
579,2866
1718,533
1843,1860
289,584
712,201
995,2283
1632,2178
160,1338
620,942
1034,437
530,582
1673,283
1781,1165
587,564
830,1329
999,283
856,2649
272,918
446,2747
1091,1778
370,374
1967,211
1213,2821
1866,572
804,959
1994,1820
504,1676
826,2204
1629,1819
611,2992
1056,1039
709,1842
1441,1958
1493,667
1015,2243
1733,852
1217,2072
997,1593
749,2596
547,1101
1323,2129
844,2476
159,364
453,1070
1402,608
672,1787
1225,1579
1011,845
815,1283
1683,557
222,1118
1805,589
1772,1292
471,2913
1400,1289
389,1330
1588,1261
166,1329
1817,2821
916,405
220,2400
1570,934
1036,1902
1012,1573
1198,1092
1895,951
616,2033
766,788
1352,1960
293,2538
308,831
669,518
120,1246
609,2843
1738,2961
206,1641
996,2685
628,2195
278,2681
188,1282
388,1964
1191,522
1715,722
108,997
1616,2556
1033,682
546,1611
1031,2722
1185,911
1764,942
868,2098
1614,953
368,2970
752,498
1988,900
472,1675
533,1538
1471,1992
1195,862
599,1096
264,1996
602,2848
478,1779
576,937
1663,2745
413,1867
1782,633
575,1263
958,541
164,2408
1184,744
1698,1435
353,827
719,2433
884,2373
1557,921
1524,2478
811,463
135,2283
160,1798
344,1892
1133,2654
1681,2002
1654,396
1385,2331
1458,2248
783,2023
658,2681
1251,664
896,521
939,958
541,1096
1029,664
1005,2645
196,2334
1967,465
405,710
262,1706
1461,2993
1678,825
467,1296
809,2835
1188,2953
1511,1478
583,2699
1592,1512
1814,2024
1096,1167
1327,2043
359,1849
440,2850
1775,2906
458,1031
285,922
417,2882
1431,1998
386,2643
1411,1745
1535,1459
1319,878
1522,2064
1931,1820
1149,693
1085,1132
400,1956
1890,596
1288,2549
1570,818
1197,2810
1824,2325
399,2231
261,1335
1814,2979
216,1756
1458,1033
1207,2751
652,1791
1658,624
1890,2761
595,821
299,1644
224,1302
1710,2110
1886,2889
1990,2314
1689,1952
1814,537
262,1595
1683,1323
1708,421
513,353
1512,2223
1557,2440
581,1291
502,1630
1403,800
648,1171
1986,936
1317,473
1945,2090
311,982
439,2109
1254,1465
754,1577
805,1601
1313,1801
1227,723
831,211
802,1641
999,1205
468,1147
333,1563
572,1828
412,2135
164,353
1173,2268
1533,1267
942,275
1708,1763
1205,2837
1033,776
577,443
673,1946
1385,2716
1493,2842
1704,824
294,669
452,2710
1885,2105
329,366
228,1012
1958,1345
1305,2689
1247,2835
1614,2636
1264,1042
1329,1483
1608,1647
1530,1829
1183,2932
1729,2863
1307,1649
274,266
482,763
1728,432
1859,904
1433,2572
1488,2024
1063,2473
313,1901
1511,2195
1354,2823
442,2487
1875,306
1197,2163
1938,1497
1176,2912
1026,927
1952,1186
1568,2923
1316,2831
316,1238
1628,587
454,1561
983,2715
322,358
1142,1629
1872,2565
1036,2043
1128,2462
1238,2848
696,2194
1147,1917
1067,1399
927,2938
1734,2541
1379,1433
1437,1280
713,2249
118,1658
700,2357
1072,279
890,300
447,1295
1701,286
159,2706
1557,2873
1882,505
551,2432
471,2369
769,2865
522,1194
1166,2131
1841,505
1272,674
1074,281
850,2806
712,2063
458,613
801,1494
1403,1160
938,772
1376,511
1525,1796
500,2995
1740,1565
353,2264
1092,2066
1590,2123
427,1452
1255,1900
1459,2010
1272,1102
286,1498
1888,2510
136,2930
1296,2999
1222,2974
1052,2542
932,1258
1557,1939
371,2555
1815,900
705,1782
236,2091
1830,687
1818,1006
475,1565
320,2810
952,2543
931,865
1492,453
1025,1659
1065,659
499,2062
1325,976
1887,2371
1813,2659
345,2599
1743,2430
831,2708
1563,942
1031,1492
1432,897
1230,1314
1286,527
458,544
573,1319
1507,2628
1763,2621
630,2681
1763,1688
148,1325
1037,759
1837,883
1487,300
944,2033
1683,2729
1699,2168
1240,2278
1176,2899
132,1981
1631,402
1765,1530
1616,665
1978,961
743,1330
103,1220
1567,2364
375,614
253,337
1195,2356
395,1863
176,314
320,354
1520,1804
1732,1816
1860,996
565,2123
1756,252
596,861
930,1111
1612,1771
1987,2486
1060,1772
600,315
1299,1072
1536,2305
1536,1229
1215,1599
586,1150
1206,956
1141,1886
667,1952
1464,1083
150,2876
1310,1609
1158,2197
1196,1989
1062,2672
1720,441
564,652
1020,2176
1844,1797
1391,1191
318,616
1771,1481
1566,2391
1673,365
1117,1391
274,1251
1266,1033
1421,333
1857,1603
1512,1210
1562,2445
944,553
1389,2077
1483,942
1026,217
688,1946
1245,651
1221,2923
1864,2435
872,2987
1765,2973
1278,505
581,985
1008,2200
1738,1155
1235,1334
427,1022
472,474
695,2343
115,1366
1638,2859
508,2300
100,610
528,1861
1774,748
259,2026
1099,1878
686,1667
971,349
531,2387
1028,1024
326,1496
1072,659
1325,2078
1933,2610
942,787
489,2144
1937,638
1648,2585
978,987
210,1879
1117,1544
897,942
1804,997
860,2859
783,698
562,1057
841,2307
1471,239
1874,2400
1727,2492
141,1573
1776,659
1460,1020
457,792
1253,2206
240,823
862,274
429,512
251,812
1040,1337
705,1272
506,1933
1041,2598
695,2495
1256,2670
1340,2205
1465,756
1292,292
1898,2445
257,2843
150,1101
1758,319
552,1207
455,728
542,849
1429,2825
521,2277
1966,641
1394,1796
193,2395
439,2190
1512,2686
255,470
196,216
961,1014
522,2967
805,792
211,1130
1730,922
1851,251
459,2954
1932,1061
581,2559
158,2817
339,206
101,1911
1605,1114
1785,2603
260,444
1058,2356
1201,1535
498,2694
1059,1324
1510,688
1290,1231
1114,1768
1893,1238
248,557
1349,1986
920,1373
1512,2967
1590,2843
1495,2916
549,466
1932,938
1117,2784
1246,2788
744,1677
1943,407
1198,1192
547,2488
327,1043
925,1001
119,1989
1158,1053
1019,605
1997,2365
130,1373
1329,1054
437,1810
1892,1877
1277,406
866,1130
658,462
1067,1197
258,2224
432,2862
1729,2311
559,495
1878,2940
657,1966
1116,2922
1682,1557
335,904
1470,959
1609,1902
794,1949
1226,399
1958,2473
1914,1242
467,1824
961,1327
1897,1407
558,1999
847,1394
1574,587
828,848
1963,524
944,337
1614,2862
425,809
1988,896
1927,556
168,408
316,2910
242,2733
927,1375
1376,871
1240,284
1502,2407
653,743
1251,1942
1129,1682
1175,2159
1516,748
566,1332
1898,2055
1475,2175
1750,1151
758,2472
559,2733
1704,1360
588,2411
1213,1775
1681,1676
132,723
1038,1716
1036,1662
1959,1999
1400,891
457,2488
700,239
694,692
601,2971
814,2119
1964,381
1525,1166
1645,2641
1162,434
178,1426
931,474
244,2817
1914,417
100,620
1768,2291
1859,2265
1334,1172
889,2250
1234,2802
1998,2757
173,318
732,1939
1061,1863
1240,2356
1118,1139
1029,260
470,406
389,2739
545,905
1533,2671
1627,2405
609,552
787,2435
1359,2183
119,1879
809,931
812,2551
1504,2647
1649,899
502,559
186,2253
501,561
1503,1232
1113,2208
302,799
1033,1945
464,628
1473,2506
1464,522
933,1500
213,611
509,2929
1014,2967
1527,2258
1336,599
1462,842
1715,956
768,1071
368,2646
858,2659
318,2696
1141,1887
1923,2536
1672,2415
565,712
519,2237
1476,1858
280,2842
1253,1144
697,1282
744,1641
1358,842
907,2318
1240,2881
294,2203
699,291
1647,2068
1749,2043
498,2574
1536,964
340,1171
205,2510
996,1800
1041,345
177,1246
1817,256
490,450
957,2464
1165,232
1916,1248
364,949
187,2679
1587,1954
1511,981
1086,2659
1100,360
370,1532
1631,2384
1317,2946
301,1265
1333,2180
1771,2280
479,402
754,2051
111,1940
745,2574
1670,2557
1278,2396
900,2088
771,442
1686,2625
211,523
1415,1768
1208,2535
1058,1479
662,1771
1541,2239
692,2281
822,2302
1630,871
1774,534
1316,408
926,1703
1660,2540
1607,936
1191,2944
1500,384
1109,2327
1284,1191
1202,1062
1077,2194
1876,1331
1447,2930
781,665
1544,2030
1815,1303
1694,350
870,749
456,917
1739,2264
1167,1153
1816,1708
1646,2516
826,1628
192,2882
727,2453
1188,1029
861,2620
787,845
1953,682
1765,1709
1378,2182
1295,1024
789,1057
718,1642
1609,2225
1271,2345
1850,907
250,1008
749,2306
1962,770
261,767
1869,2608
303,2284
1615,2970
552,1294
940,2393
273,2567
447,542
1809,892
1641,889
1546,1061
296,2271
417,995
312,2310
1046,1715
898,763
1530,2809
130,612
827,2711
892,1046
1288,2265
388,452
1395,1922
1604,2225
2000,258
844,492
961,1702
1638,1045
1171,2077
1681,360
618,2187
516,327
1071,2437
1042,845
972,266
130,918
520,2778
1417,974
1673,2096
1095,2929
170,1524
1809,875
139,273
1409,2450
885,354
346,2362
459,2309
591,479
1774,235
1336,1318
1076,321
1995,1787
1249,1117
428,1425
1435,656
1225,2280
776,1285
1065,887
405,2987
